X = [1 5 -2; 3 2 7]
Y = [1:3; 4:6]


Z = X./Y
Z = X.\Y

2^3

X = [1 2; 3 4]
N = [6 0.5; -1 2]

X.^N
X^3

A = [1 2 3; 4 5 6]
B = [3 5 2; 6 7 2]

A + B
A + 3
3 + A

A./2