x = 1:3:7

ints = 1:100

1+1
plus(1,2)

1:7
colon(1,7)